
6385.9405517578125
271.9886302947998
251.0368824005127
269.559383392334
254.2135715484619
251.3599395751953
270.5416679382324
257.2805881500244
263.0641460418701
263.6725902557373
251.68919563293457
257.66897201538086
255.32031059265137
266.7717933654785
256.7729949951172
254.60410118103027
253.9365291595459
266.7722702026367
274.37710762023926
255.9828758239746
272.7468013763428
250.5359649658203
258.53681564331055
255.0053596496582
262.6945972442627
254.77051734924316
256.6874027252197
251.23047828674316
267.4543857574463
253.39365005493164
341.57657623291016
266.53265953063965
252.97093391418457
270.2174186706543
250.92124938964844
270.04122734069824
259.14478302001953
260.8942985534668
278.8534164428711
254.92525100708008
259.798526763916
259.41967964172363
269.5879936218262
255.50150871276855
257.7390670776367
262.0854377746582
264.97411727905273
254.77075576782227
253.60345840454102
265.87748527526855
253.70216369628906
263.869047164917
257.0786476135254
270.7631587982178
252.41422653198242
254.06503677368164
250.37026405334473
260.6523036956787
251.05762481689453
251.4200210571289
265.03610610961914
249.3131160736084
254.46772575378418
251.30748748779297
260.9686851501465
251.59668922424316
268.44191551208496
260.97655296325684
269.4826126098633
261.0211372375488
254.04667854309082
259.13381576538086
269.99688148498535
247.86019325256348
249.94277954101562
270.2667713165283
248.57282638549805
250.67949295043945
253.0958652496338
262.80903816223145
253.1595230102539
251.33180618286133
270.7195281982422
248.97432327270508
250.80490112304688
250.9782314300537
261.5234851837158
252.49695777893066
250.16546249389648
249.87459182739258
263.7827396392822
251.46913528442383
251.53875350952148
274.64938163757324
260.97750663757324
257.0984363555908
254.27842140197754
270.85113525390625
258.09335708618164
251.9512176513672
258.3334445953369
259.17696952819824
249.8311996459961
250.3492832183838
267.89402961730957
257.22813606262207
255.78069686889648
256.63137435913086
273.1587886810303
259.69600677490234
261.1241340637207
259.65213775634766
272.9523181915283
260.5268955230713
260.52355766296387
291.71252250671387
395.59316635131836
254.83417510986328
271.0998058319092
252.35819816589355
254.55594062805176
256.82616233825684
265.29860496520996
251.91640853881836
251.44624710083008
259.2310905456543
264.1127109527588
259.9506378173828
262.617826461792
279.005765914917
266.31951332092285
264.049768447876
267.37475395202637
281.1706066131592
265.8121585845947
262.6309394836426
282.0935249328613
262.47692108154297
267.75193214416504
266.8261528015137
271.883487701416
256.516695022583
259.6912384033203
260.99658012390137
267.26818084716797
264.056921005249
256.7763328552246
272.8903293609619
252.1498203277588
253.19647789001465
260.8201503753662
274.9052047729492
263.5033130645752
260.4026794433594
270.40576934814453
264.4002437591553
265.47694206237793
253.35025787353516
264.6481990814209
250.0014305114746
251.74880027770996
257.3726177215576
271.8946933746338
255.7075023651123
263.78512382507324
264.47272300720215
272.61972427368164
262.4993324279785
260.6022357940674
278.60116958618164
261.5773677825928
261.0337734222412
256.7322254180908
272.08542823791504
260.2252960205078
261.5804672241211
271.11339569091797
258.5747241973877
259.0508460998535
260.09273529052734
275.1116752624512
256.3896179199219
263.4439468383789
261.94214820861816
259.13524627685547
260.1807117462158
261.88135147094727
288.24853897094727
261.960506439209
259.72557067871094
272.28522300720215
251.6021728515625
255.31578063964844
254.92072105407715
607.2044372558594
256.27732276916504
256.26492500305176
268.67151260375977
256.72316551208496
258.56542587280273
272.7806568145752
257.3540210723877
259.53221321105957
259.7222328186035
268.54872703552246
256.0310363769531
253.99017333984375
260.2994441986084
269.09732818603516
254.00018692016602
254.34398651123047
273.3886241912842
260.45727729797363
255.08356094360352
252.9141902923584
265.364408493042
255.5398941040039
254.43482398986816
257.3854923248291
268.9337730407715
249.05991554260254
255.2945613861084
270.1840400695801
250.9009838104248
262.46023178100586
257.4782371520996
250.1986026763916
250.9467601776123
254.78029251098633
268.80598068237305
252.09689140319824
254.41455841064453
259.34886932373047
270.43628692626953
254.17423248291016
254.81891632080078
255.4171085357666
269.8953151702881
257.1096420288086
255.0034523010254
266.36600494384766
256.5808296203613
260.0076198577881
259.61899757385254
267.7919864654541
255.52630424499512
258.0304145812988
249.67479705810547
257.77745246887207
255.97214698791504
304.276704788208
268.45765113830566
257.8275203704834
255.86557388305664
256.1225891113281
278.35655212402344
255.1109790802002
258.10742378234863
257.95936584472656
261.23809814453125
251.92594528198242
254.3931007385254
267.29416847229004
250.42176246643066
251.21617317199707
247.086763381958
258.39805603027344
249.66883659362793
256.0555934906006
252.66671180725098
262.27831840515137
253.47042083740234
249.94564056396484
249.0382194519043
265.58542251586914
243.4375286102295
248.3346462249756
246.73819541931152
254.97817993164062
246.35076522827148
251.38473510742188
266.85547828674316
245.23472785949707
247.16782569885254
248.24762344360352
262.3884677886963
251.2645721435547
251.52826309204102
252.9129981994629
265.5601501464844
244.29655075073242
249.38201904296875
251.0819435119629
264.21093940734863
250.3952980041504
249.88317489624023
263.7786865234375
253.1898021697998
251.19996070861816
250.58722496032715
