243.93749237060547
254.70256805419922
210.25466918945312
270.1685428619385
192.49629974365234
158.86259078979492
314.5902156829834
226.6993522644043
154.99186515808105
161.61084175109863
200.81043243408203
203.21416854858398
197.53313064575195
173.38252067565918
184.18502807617188
198.27866554260254
194.73648071289062
259.52720642089844
201.7822265625
191.21813774108887
206.0260772705078
184.89980697631836
199.36418533325195
212.6023769378662
164.91198539733887
260.1783275604248
175.2755641937256
167.37961769104004
282.6268672943115
182.5997829437256
188.46988677978516
257.4348449707031
197.59106636047363
352.31685638427734
292.5844192504883
160.11333465576172
271.55494689941406
230.35144805908203
175.2457618713379
225.60954093933105
186.11502647399902
168.1232452392578
166.99814796447754
191.3619041442871
170.21799087524414
241.6691780090332
177.7493953704834
198.17352294921875
213.14144134521484
351.4833450317383
267.70949363708496
240.51737785339355
158.19859504699707
217.16737747192383
192.92545318603516
258.81004333496094
243.79205703735352
202.8055191040039
257.75790214538574
190.36602973937988
140.06710052490234
170.1071262359619
158.2179069519043
162.30082511901855
301.3923168182373
144.43349838256836
177.54888534545898
169.66509819030762
152.93645858764648
173.4790802001953
193.90630722045898
207.75222778320312
156.68082237243652
139.85466957092285
148.8633155822754
147.43947982788086
150.47740936279297
159.55734252929688
139.56952095031738
155.10296821594238
145.9481716156006
136.5973949432373
150.49481391906738
155.29704093933105
207.34333992004395
362.5321388244629
198.18663597106934
200.53911209106445
177.70838737487793
153.96642684936523
144.67263221740723
145.79534530639648
149.38783645629883
170.4118251800537
160.14838218688965
183.09831619262695
173.75755310058594
234.03429985046387
258.65983963012695
142.93742179870605
220.72577476501465
213.6824131011963
141.59178733825684
214.32256698608398
206.0983180999756
208.35590362548828
250.23365020751953
197.36886024475098
254.8377513885498
221.30417823791504
228.19948196411133
233.8881492614746
214.50304985046387
273.8964557647705
230.52406311035156
230.57866096496582
222.05281257629395
207.474946975708
187.8516674041748
165.13967514038086
153.58567237854004
157.73677825927734
139.6658420562744
151.19218826293945
143.21589469909668
144.11115646362305
341.7789936065674
145.10416984558105
144.88887786865234
154.9668312072754
153.20181846618652
155.92074394226074
166.85056686401367
146.72565460205078
136.43813133239746
142.72522926330566
156.24499320983887
309.4520568847656
236.0825538635254
229.65025901794434
154.1593074798584
259.72580909729004
191.93339347839355
235.25547981262207
201.44891738891602
184.31615829467773
399.21021461486816
220.11375427246094
269.90580558776855
393.88084411621094
331.6960334777832
232.78141021728516
180.93633651733398
186.16747856140137
186.79094314575195
193.04251670837402
215.010404586792
191.93601608276367
227.9641628265381
225.04758834838867
182.0845603942871
195.09100914001465
189.56851959228516
186.10358238220215
187.99853324890137
204.60033416748047
198.74024391174316
319.3323612213135
292.78087615966797
221.42744064331055
204.51712608337402
276.3795852661133
304.2113780975342
386.77191734313965
305.3889274597168
334.78498458862305
305.09114265441895
269.5660591125488
207.95845985412598
187.54148483276367
190.4611587524414
192.88945198059082
190.00577926635742
180.9217929840088
188.78984451293945
187.3157024383545
181.74314498901367
247.7259635925293
192.25525856018066
216.79997444152832
207.54671096801758
185.72044372558594
163.0532741546631
132.48276710510254
160.62021255493164
138.73648643493652
149.83153343200684
159.3453884124756
147.63998985290527
132.31444358825684
148.41818809509277
148.93698692321777
142.86112785339355
187.25085258483887
117.65789985656738
161.80682182312012
136.25431060791016
236.10568046569824
163.91587257385254
217.18168258666992
167.17123985290527
163.00439834594727
184.07225608825684
173.25854301452637
162.581205368042
177.168607711792
167.33050346374512
157.53483772277832
171.62322998046875
164.0908718109131
182.75141716003418
122.75123596191406
207.9484462738037
143.16058158874512
156.42809867858887
125.07510185241699
151.26824378967285
270.1108455657959
176.44572257995605
157.2892665863037
141.9973373413086
189.47100639343262
148.20075035095215
202.28219032287598
180.0670623779297
159.49583053588867
175.35018920898438
156.18252754211426
133.4998607635498
150.42614936828613
188.2798671722412
186.13862991333008
159.85465049743652
143.44096183776855
156.17036819458008
148.06461334228516
148.75030517578125
215.39545059204102
170.6991195678711
146.35348320007324
153.05852890014648
134.95182991027832
134.3071460723877
136.95120811462402
187.08062171936035
141.58320426940918
137.7851963043213
138.85235786437988
148.8039493560791
146.90923690795898
144.44613456726074
159.759521484375
154.11949157714844
154.27803993225098
147.22323417663574
147.01247215270996
141.14785194396973
229.91466522216797
133.44979286193848
134.89651679992676
135.63299179077148
161.31234169006348
141.59321784973145
143.22566986083984
191.67351722717285
154.3905735015869
149.6133804321289
143.5532569885254
152.61268615722656
151.7655849456787
147.84574508666992
152.12345123291016
162.1410846710205
227.24008560180664
198.7771987915039
131.50405883789062
164.25251960754395
244.1384792327881
155.0736427307129
175.0953197479248
160.9363555908203
154.77681159973145
192.49296188354492
167.49978065490723
141.70312881469727
159.38782691955566
159.35993194580078
159.2080593109131
161.77892684936523
154.37579154968262
161.4816188812256
162.2624397277832
183.90989303588867
153.32674980163574
185.6820583343506
177.69503593444824
214.447021484375
130.13815879821777
241.18399620056152
164.7341251373291
194.91100311279297
190.3688907623291
202.5620937347412
208.75978469848633
164.139986038208
152.50396728515625
152.56643295288086
150.40326118469238
150.54774284362793
147.04608917236328
149.0175724029541
156.7080020904541
153.0470848083496
212.63527870178223
198.0431079864502
152.76360511779785
157.12261199951172
158.6456298828125
166.72921180725098
181.4131736755371
180.4373264312744
156.32009506225586
151.83615684509277
169.07930374145508
163.06185722351074
164.44993019104004
159.32512283325195
166.3980484008789
181.43081665039062
160.4921817779541
145.14803886413574
139.12582397460938
104.34365272521973
143.7065601348877
123.64363670349121
127.40612030029297
148.15950393676758
131.02221488952637
132.4329376220703
121.57773971557617
329.6701908111572
222.5637435913086
115.45896530151367
167.01960563659668
210.7868194580078
123.13437461853027
131.20508193969727
171.07915878295898
239.55273628234863
128.35979461669922
133.2528591156006
145.83206176757812
138.05127143859863
118.0427074432373
126.1739730834961
218.13631057739258
288.26189041137695
238.03973197937012
183.51268768310547
170.00126838684082
249.8624324798584
154.69884872436523
161.0240936279297
162.95742988586426
156.92734718322754
162.69803047180176
151.824951171875
154.66594696044922
154.6761989593506
158.43462944030762
167.3576831817627
168.89023780822754
168.00689697265625
157.89008140563965
157.14406967163086
150.57110786437988
149.5528221130371
146.85297012329102
163.9387607574463
158.37955474853516
157.3200225830078
217.64326095581055
165.09032249450684
156.69488906860352
161.15212440490723
155.85064888000488
169.9223518371582
154.3426513671875
150.56419372558594
160.74538230895996
154.89435195922852
152.4357795715332
151.40700340270996
151.2620449066162
151.79944038391113
155.96747398376465
152.72283554077148
152.6026725769043
143.0490016937256
149.6741771697998
147.2766399383545
150.12216567993164
369.4882392883301
192.1839714050293
164.72434997558594
162.49465942382812
167.25540161132812
157.78017044067383
145.51281929016113
155.08103370666504
160.94446182250977
150.32601356506348
163.4056568145752
159.49320793151855
152.4178981781006
150.42543411254883
154.15358543395996
160.3550910949707
160.54630279541016
156.2216281890869
136.0938549041748
112.31684684753418
127.27093696594238
261.4145278930664
167.81187057495117
151.5514850616455
150.07591247558594
99.14612770080566
120.46360969543457
97.4128246307373
180.0243854522705
123.93021583557129
127.40135192871094
141.36552810668945
121.06847763061523
167.00243949890137
182.74378776550293
106.16588592529297
105.44967651367188
113.2817268371582
106.30273818969727
118.66402626037598
115.94128608703613
122.42484092712402
223.24800491333008
95.97277641296387
150.33483505249023
142.07887649536133
108.78801345825195
109.06147956848145
110.11767387390137
153.42092514038086
186.88321113586426
264.0879154205322
330.0957679748535
167.75918006896973
101.49979591369629
198.2252597808838
184.35430526733398
215.45720100402832
198.32277297973633
302.0198345184326
101.95398330688477
137.47692108154297
133.35537910461426
316.39933586120605
185.5025291442871
149.56426620483398
137.71629333496094
202.87680625915527
341.08710289001465
233.34097862243652
185.99772453308105
184.39292907714844
147.37796783447266
141.1731243133545
142.97008514404297
146.6963291168213
146.0111141204834
142.9440975189209
159.96241569519043
187.56413459777832
176.41377449035645
164.66116905212402
205.5361270904541
175.5537986755371
256.5267086029053
263.9427185058594
259.8543167114258
187.96396255493164
239.26687240600586
209.09786224365234
331.3026428222656
198.26388359069824
151.60465240478516
118.23105812072754
121.51694297790527
150.11262893676758
125.40054321289062
171.9353199005127
144.43635940551758
127.69937515258789
114.97807502746582
147.60708808898926
180.802583694458
132.82203674316406
165.6038761138916
265.89298248291016
126.33991241455078
114.93992805480957
190.39082527160645
185.28103828430176
237.57576942443848
230.3159236907959
202.73804664611816
220.44873237609863
212.32843399047852
200.37841796875
338.92130851745605
187.40200996398926
166.2583351135254
167.87981986999512
184.2975616455078
211.9762897491455
164.63518142700195
129.99653816223145
177.07490921020508
249.21083450317383
449.73230361938477
283.34784507751465
321.14195823669434
305.2365779876709
151.11637115478516
141.65544509887695
161.92269325256348
162.19043731689453
196.22397422790527
177.7486801147461
175.70257186889648
194.5333480834961
157.9422950744629
193.31955909729004
168.33233833312988
177.293062210083
221.33803367614746
227.22244262695312
213.5472297668457
160.30454635620117
144.1483497619629
211.1227512359619
166.05448722839355
146.3334560394287
145.2805995941162
144.64735984802246
142.87304878234863
142.34137535095215
147.44067192077637
142.0891284942627
156.6784381866455
163.33460807800293
152.2057056427002
159.55829620361328
157.3007106781006
147.40419387817383
148.31161499023438
175.60458183288574
161.35931015014648
152.55284309387207
207.65042304992676
216.7367935180664
275.79689025878906
153.69033813476562
156.30125999450684
145.61057090759277
151.62253379821777
153.76591682434082
145.40910720825195
171.80967330932617
230.72552680969238
156.69631958007812
147.80020713806152
138.89002799987793
163.1457805633545
155.70878982543945
144.26112174987793
149.12176132202148
164.262056350708
144.1035270690918
151.9160270690918
146.6073989868164
142.7292823791504
247.41268157958984
151.0791778564453
156.87870979309082
148.08106422424316
158.8423252105713
150.22683143615723
152.8952121734619
144.36101913452148
144.9267864227295
143.11981201171875
145.96939086914062
145.12014389038086
160.28618812561035
146.0702419281006
143.8732147216797
148.68950843811035
166.17536544799805
158.7965488433838
157.00936317443848
248.65031242370605
161.6363525390625
150.21824836730957
202.01945304870605
180.94325065612793
175.54211616516113
147.64761924743652
159.98125076293945
156.4011573791504
168.53618621826172
157.98330307006836
157.36818313598633
166.11003875732422
153.72300148010254
156.08596801757812
153.71942520141602
190.90819358825684
206.26139640808105
167.18149185180664
155.9622287750244
246.7353343963623
335.4840278625488
148.94938468933105
152.88400650024414
149.65271949768066
155.86471557617188
151.9639492034912
152.47178077697754
167.40703582763672
204.1037082672119
286.5133285522461
245.9850311279297
155.6396484375
166.60666465759277
200.76704025268555
163.1946563720703
217.98324584960938
189.29362297058105
177.95777320861816
190.38796424865723
273.06652069091797
236.28640174865723
191.79916381835938
270.57528495788574
172.89161682128906
239.37320709228516
237.91956901550293
207.02028274536133
240.34380912780762
178.4510612487793
148.28944206237793
140.83242416381836
150.34818649291992
208.8005542755127
283.3380699157715
230.13067245483398
209.11407470703125
200.1042366027832
189.99171257019043
185.6555938720703
145.68781852722168
216.81594848632812
177.51502990722656
157.0911407470703
164.09754753112793
246.65307998657227
236.63568496704102
198.13942909240723
140.98381996154785
143.11480522155762
159.45100784301758
167.51956939697266
188.00115585327148
148.25010299682617
201.34687423706055
323.4694004058838
296.61107063293457
345.25513648986816
407.46474266052246
433.1629276275635
319.4160461425781
334.4752788543701
421.4644432067871
281.1281681060791
216.78471565246582
215.70682525634766
201.03073120117188
157.6688289642334
144.56558227539062
152.3118019104004
160.7677936553955
144.24729347229004
145.4906463623047
199.2037296295166
203.65357398986816
190.78993797302246
207.0605754852295
139.10937309265137
152.89688110351562
214.9825096130371
147.5512981414795
146.82245254516602
133.2535743713379
137.31908798217773
141.1585807800293
136.08074188232422
136.16251945495605
207.2148323059082
192.86441802978516
174.26824569702148
195.8293914794922
160.9792709350586
187.18719482421875
203.2153606414795
247.65920639038086
216.39418601989746
172.6846694946289
179.09789085388184
184.68618392944336
285.8562469482422
187.96849250793457
230.01432418823242
291.2917137145996
199.02586936950684
200.02174377441406
192.37351417541504
215.79432487487793
278.31244468688965
296.57673835754395
181.55574798583984
201.34782791137695
218.54543685913086
187.13855743408203
195.23262977600098
192.45004653930664
207.8547477722168
201.99990272521973
190.11330604553223
186.7227554321289
274.74021911621094
319.92506980895996
178.17378044128418
206.298828125
218.3089256286621
282.928466796875
244.0025806427002
234.1454029083252
182.46150016784668
154.97875213623047
152.76312828063965
153.7153720855713
158.92887115478516
154.8750400543213
153.80549430847168
167.94562339782715
153.81622314453125
156.66818618774414
157.517671585083
155.82728385925293
246.90556526184082
164.06965255737305
154.62970733642578
162.22691535949707
167.45448112487793
154.16193008422852
282.61637687683105
238.89803886413574
177.11544036865234
178.43246459960938
180.9978485107422
168.2429313659668
160.57777404785156
157.08327293395996
154.72817420959473
155.16066551208496
154.25777435302734
152.0376205444336
152.59671211242676
152.09698677062988
205.16610145568848
294.403076171875
241.49084091186523
153.3656120300293
201.39455795288086
187.5779628753662
144.697904586792
147.54676818847656
158.9643955230713
196.0756778717041
206.6669464111328
151.0453224182129
144.35219764709473
150.45666694641113
197.556734085083
170.3927516937256
186.1436367034912
155.4269790649414
150.59447288513184
140.68078994750977
142.7898406982422
207.58867263793945
156.04877471923828
152.53543853759766
149.3704319000244
171.14758491516113
154.33120727539062
155.42912483215332
153.99503707885742
165.04907608032227
155.47704696655273
285.2647304534912
206.00605010986328
162.21022605895996
182.13438987731934
167.29354858398438
168.63250732421875
156.52203559875488
125.81872940063477
122.38454818725586
152.4817943572998
198.1658935546875
128.36861610412598
131.03628158569336
126.38211250305176
122.69926071166992
118.20793151855469
137.40944862365723
125.30708312988281
113.86847496032715
122.00570106506348
136.13367080688477
123.83365631103516
114.89677429199219
130.03087043762207
186.22541427612305
138.50116729736328
155.77387809753418
138.90671730041504
125.05984306335449
120.513916015625
207.78894424438477
143.5708999633789
119.7049617767334
116.43791198730469
117.85674095153809
147.8867530822754
143.21589469909668
147.75323867797852
146.3930606842041
147.95970916748047
151.98564529418945
143.98694038391113
147.6461887359619
149.84464645385742
147.8872299194336
147.5815773010254
147.9966640472412
239.7291660308838
209.2602252960205
200.23679733276367
201.77125930786133
207.45611190795898
173.62332344055176
163.96641731262207
154.57868576049805
165.07577896118164
156.59475326538086
158.82229804992676
153.74112129211426
152.8632640838623
143.79215240478516
147.07159996032715
152.25768089294434
150.71392059326172
157.731294631958
153.02681922912598
152.64368057250977
154.09088134765625
151.81946754455566
147.0177173614502
149.4150161743164
160.91036796569824
263.47851753234863
156.92782402038574
150.0265598297119
160.42661666870117
199.44381713867188
242.12145805358887
167.23990440368652
144.13833618164062
151.44896507263184
139.24551010131836
209.90252494812012
158.80846977233887
114.7620677947998
132.12180137634277
130.94186782836914
212.18037605285645
196.93851470947266
125.97274780273438
134.6607208251953
127.64811515808105
130.7668685913086
180.81998825073242
162.6451015472412
130.5100917816162
134.8724365234375
139.92857933044434
129.82845306396484
136.69943809509277
130.8152675628662
129.0440559387207
125.45156478881836
132.70139694213867
119.95124816894531
151.89123153686523
132.80916213989258
154.23130989074707
132.51256942749023
153.0129909515381
149.1076946258545
158.80322456359863
122.33781814575195
184.20958518981934
147.62449264526367
254.92191314697266
145.2162265777588
149.4450569152832
140.21921157836914
114.47572708129883
123.26169013977051
124.89461898803711
139.69755172729492
149.8889923095703
148.36716651916504
145.83301544189453
123.66890907287598
114.96138572692871
122.10655212402344
126.68919563293457
129.19211387634277
141.4473056793213
133.4059238433838
129.69112396240234
133.25190544128418
129.32395935058594
176.85842514038086
186.52105331420898
133.1799030303955
127.66242027282715
126.75905227661133
141.36123657226562
124.50981140136719
149.36327934265137
129.03928756713867
141.54624938964844
132.05480575561523
148.84018898010254
152.18329429626465
150.81214904785156
149.17325973510742
150.2685546875
122.49231338500977
199.7833251953125
151.51667594909668
148.7739086151123
158.88094902038574
153.0020236968994
204.95319366455078
164.71600532531738
150.72107315063477
157.58466720581055
156.4168930053711
152.56786346435547
142.23289489746094
147.80735969543457
148.52643013000488
192.91090965270996
155.1227569580078
153.42473983764648
155.3342342376709
153.8407802581787
148.22149276733398
157.3963165283203
143.55206489562988
150.09474754333496
144.35791969299316
145.74027061462402
258.0854892730713
149.4443416595459
152.63772010803223
149.8723030090332
149.27005767822266
157.728910446167
150.4819393157959
147.1884250640869
142.20237731933594
146.43383026123047
148.56553077697754
174.2112636566162
158.20574760437012
157.16934204101562
148.47707748413086
153.56135368347168
161.42868995666504
162.5983715057373
171.74386978149414
244.52853202819824
149.69754219055176
156.54754638671875
144.0258026123047
152.6949405670166
153.2273292541504
143.09239387512207
162.61863708496094
151.31211280822754
151.82256698608398
158.20884704589844
151.63636207580566
142.8070068359375
144.75154876708984
147.18365669250488
151.3216495513916
146.32225036621094
145.6758975982666
148.45800399780273
227.46777534484863
147.8104591369629
144.1056728363037
154.77919578552246
146.8832492828369
145.72668075561523
148.62585067749023
147.02153205871582
161.26704216003418
155.11226654052734
223.19293022155762
148.88978004455566
149.27339553833008
148.59318733215332
153.39136123657227
146.1327075958252
152.7116298675537
159.83176231384277
157.61852264404297
153.16152572631836
217.06128120422363
168.92695426940918
147.63689041137695
152.87065505981445
155.9898853302002
155.69472312927246
152.8184413909912
148.20408821105957
141.41416549682617
139.38450813293457
145.72930335998535
143.19562911987305
149.24860000610352
145.9970474243164
146.30818367004395
143.646240234375
148.61416816711426
158.97464752197266
160.60614585876465
155.20787239074707
222.69725799560547
155.98368644714355
150.010347366333
147.68648147583008
180.3882122039795
156.88753128051758
158.99991989135742
150.03299713134766
159.16085243225098
150.94447135925293
159.98506546020508
144.82831954956055
149.54137802124023
143.05734634399414
148.01526069641113
153.4435749053955
151.3993740081787
144.5748805999756
145.70879936218262
142.55046844482422
254.9276351928711
189.55564498901367
327.7883529663086
199.4025707244873
274.39260482788086
210.82210540771484
235.34178733825684
190.88101387023926
197.1445083618164
200.69193840026855
322.5715160369873
198.3010768890381
192.07215309143066
203.95684242248535
198.69160652160645
319.6103572845459
170.12262344360352
201.60222053527832
197.7858543395996
217.55194664001465
174.55148696899414
183.90202522277832
216.19582176208496
207.00788497924805
188.83419036865234
201.6773223876953
152.5874137878418
151.1542797088623
147.67956733703613
156.5701961517334
150.88391304016113
145.4319953918457
156.0983657836914
163.18273544311523
142.00401306152344
147.0036506652832
179.27002906799316
167.12594032287598
157.23276138305664
153.92136573791504
154.97207641601562
162.39356994628906
148.7870216369629
146.5930938720703
147.49813079833984
151.61514282226562
155.73930740356445
147.33028411865234
145.42531967163086
151.9021987915039
150.5112648010254
154.02722358703613
142.1952247619629
150.71630477905273
155.93957901000977
172.07026481628418
157.92226791381836
214.6139144897461
175.3368377685547
157.33075141906738
154.0355682373047
163.18607330322266
154.38079833984375
153.4595489501953
148.6527919769287
146.5132236480713
145.8418369293213
147.27067947387695
148.07939529418945
147.05133438110352
149.54185485839844
152.27484703063965
146.23689651489258
155.81941604614258
155.6689739227295
156.4478874206543
172.61075973510742
253.8778781890869
164.87765312194824
158.1859588623047
178.23529243469238
162.3556613922119
159.83843803405762
164.99638557434082
157.12380409240723
156.15010261535645
155.9312343597412
155.75551986694336
158.52689743041992
154.524564743042
153.91278266906738
157.47976303100586
156.88037872314453
155.2727222442627
155.5800437927246
157.89222717285156
154.98113632202148
155.83467483520508
181.63037300109863
177.01029777526855
156.5113067626953
156.23784065246582
156.16488456726074
158.25653076171875
155.3490161895752
154.62565422058105
167.30952262878418
157.08446502685547
162.28914260864258
153.44476699829102
216.69483184814453
170.4566478729248
159.82532501220703
153.045654296875
167.3271656036377
153.0745029449463
152.13847160339355
165.03214836120605
150.24352073669434
165.95029830932617
248.29983711242676
180.7546615600586
169.85726356506348
150.238037109375
146.59881591796875
146.331787109375
146.6057300567627
158.48350524902344
155.90667724609375
156.45122528076172
156.06188774108887
157.87696838378906
158.20956230163574
157.7005386352539
156.53014183044434
155.21931648254395
155.16257286071777
153.8383960723877
176.51891708374023
238.86919021606445
156.89373016357422
153.778076171875
156.10384941101074
159.0409278869629
157.57131576538086
153.6116600036621
149.46842193603516
149.57618713378906
154.4172763824463
157.95183181762695
161.8812084197998
158.23817253112793
157.1791172027588
154.9665927886963
156.7401885986328
156.51464462280273
161.3001823425293
144.07706260681152
145.45035362243652
146.63267135620117
223.93131256103516
178.1480312347412
128.01027297973633
123.92783164978027
137.44783401489258
113.56830596923828
174.66425895690918
153.02038192749023
157.00697898864746
148.73290061950684
152.25958824157715
145.951509475708
150.12621879577637
147.73893356323242
149.39498901367188
145.69902420043945
149.08576011657715
165.62938690185547
162.03951835632324
162.8878116607666
241.23454093933105
169.61383819580078
154.4022560119629
146.09742164611816
147.79329299926758
150.17080307006836
147.4626064300537
147.53365516662598
144.34552192687988
145.172119140625
144.17076110839844
171.25964164733887
160.9969139099121
160.35175323486328
159.02948379516602
171.9217300415039
157.64188766479492
146.21496200561523
142.65108108520508
156.4164161682129
150.9377956390381
240.7851219177246
148.73981475830078
146.62647247314453
160.1243019104004
156.48794174194336
173.7232208251953
279.30426597595215
285.3062152862549
229.6910285949707
215.27099609375
178.98988723754883
175.25815963745117
189.18371200561523
280.9274196624756
173.3098030090332
179.87489700317383
179.63004112243652
169.75665092468262
137.0260715484619
306.3373565673828
164.5488739013672
161.56935691833496
179.2912483215332
141.07656478881836
132.8580379486084
169.06046867370605
169.0962314605713
142.03214645385742
130.77569007873535
134.16481018066406
150.25019645690918
132.42626190185547
130.77425956726074
136.4450454711914
147.34601974487305
126.52707099914551
132.14445114135742
126.3892650604248
125.87428092956543
214.6925926208496
131.5762996673584
154.53004837036133
169.01683807373047
149.28555488586426
158.1592559814453
210.72936058044434
145.41983604431152
169.1420078277588
264.8200988769531
168.75624656677246
199.68461990356445
322.2224712371826
403.7482738494873
234.95149612426758
166.61548614501953
172.73473739624023
189.2101764678955
146.2559700012207
154.62446212768555
153.59115600585938
183.32910537719727
188.57097625732422
160.2318286895752
146.61574363708496
150.93445777893066
152.47106552124023
158.06865692138672
153.35512161254883
158.583402633667
148.34833145141602
149.05953407287598
143.10097694396973
152.01497077941895
145.00713348388672
145.18237113952637
152.5590419769287
205.86061477661133
235.31103134155273
170.2418327331543
170.98760604858398
227.94437408447266
188.07244300842285
290.2491092681885
182.16180801391602
212.50247955322266
186.22922897338867
159.8656177520752
165.3268337249756
162.57929801940918
158.68854522705078
195.81985473632812
308.53939056396484
290.2693748474121
288.5448932647705
243.91555786132812
251.20162963867188
240.54503440856934
185.50515174865723
293.45154762268066
263.5929584503174
206.4523696899414
209.000825881958
204.87594604492188
421.2646484375
232.57994651794434
254.1346549987793
189.90397453308105
143.20707321166992
165.0080680847168
147.26519584655762
170.86410522460938
171.2479591369629
270.22600173950195
250.02169609069824
218.68085861206055
126.08695030212402
163.2833480834961
157.65380859375
128.39460372924805
188.54284286499023
163.57088088989258
170.43733596801758
142.61460304260254
249.79186058044434
314.16845321655273
202.99863815307617
232.68485069274902
197.56460189819336
184.30256843566895
182.05499649047852
155.0922393798828
158.95605087280273
163.3317470550537
154.74271774291992
150.2978801727295
152.94981002807617
159.85584259033203
157.7284336090088
159.14392471313477
154.48355674743652
237.52951622009277
229.64215278625488
192.14677810668945
211.17401123046875
219.16627883911133
153.58400344848633
155.26700019836426
143.42355728149414
155.26556968688965
202.10862159729004
176.82600021362305
157.8843593597412
143.4330940246582
158.77175331115723
153.53965759277344
163.2068157196045
193.53342056274414
170.62973976135254
156.84866905212402
149.9931812286377
228.18708419799805
176.67508125305176
156.13198280334473
150.59399604797363
246.41132354736328
146.58474922180176
157.96422958374023
151.6737937927246
156.85153007507324
147.4781036376953
148.09656143188477
152.44770050048828
169.43120956420898
183.87818336486816
163.01918029785156
157.9420566558838
155.16376495361328
155.8701992034912
154.9990177154541
154.84333038330078
155.66444396972656
154.08849716186523
153.84459495544434
155.54547309875488
258.9092254638672
152.4350643157959
163.8801097869873
171.20718955993652
158.02335739135742
155.0905704498291
154.13570404052734
155.05576133728027
153.08833122253418
153.49864959716797
175.0175952911377
150.03561973571777
147.65477180480957
135.01262664794922
147.46475219726562
176.44739151000977
219.7880744934082
193.39990615844727
188.86899948120117
189.10861015319824
136.86418533325195
174.77846145629883
193.33386421203613
150.30431747436523
206.5451145172119
189.64385986328125
225.59809684753418
208.81223678588867
202.11100578308105
176.99193954467773
178.8487434387207
241.6536808013916
252.46858596801758
205.16395568847656
286.0720157623291
211.92431449890137
206.28046989440918
199.72467422485352
202.70037651062012
233.81829261779785
225.4633903503418
260.5586051940918
189.2850399017334
276.0810852050781
199.18274879455566
237.49804496765137
219.62237358093262
215.11077880859375
226.6240119934082
199.5384693145752
222.55730628967285
205.2328586578369
227.63514518737793
233.10065269470215
261.17992401123047
240.0503158569336
230.3929328918457
242.99049377441406
223.2072353363037
171.0207462310791
168.654203414917
146.64483070373535
145.554780960083
242.12217330932617
156.35299682617188
148.1926441192627
157.4418544769287
157.44996070861816
154.82544898986816
151.84473991394043
149.3680477142334
166.02540016174316
155.2133560180664
145.85518836975098
153.40757369995117
147.02439308166504
169.50392723083496
161.13638877868652
167.68479347229004
150.14052391052246
152.4813175201416
163.05088996887207
236.0825538635254
182.78002738952637
153.80191802978516
155.09939193725586
152.9533863067627
155.37428855895996
153.69558334350586
157.85646438598633
155.68923950195312
155.56573867797852
155.06291389465332
147.79067039489746
153.7637710571289
149.8558521270752
143.65267753601074
149.9037742614746
151.32665634155273
150.72131156921387
161.8800163269043
247.7564811706543
164.231538772583
152.9691219329834
152.587890625
146.98386192321777
148.79226684570312
151.21102333068848
148.44012260437012
163.0399227142334
146.90399169921875
145.19047737121582
147.6304531097412
149.48558807373047
158.3576202392578
148.70786666870117
147.54223823547363
150.59494972229004
146.53897285461426
145.31350135803223
145.46942710876465
246.290922164917
147.07589149475098
156.40974044799805
147.0510959625244
162.8117561340332
158.46872329711914
151.58534049987793
161.28921508789062
159.28292274475098
158.94746780395508
148.2388973236084
164.73031044006348
166.6417121887207
159.5320701599121
151.18694305419922
159.69467163085938
164.6888256072998
184.33117866516113
157.5796604156494
156.60405158996582
158.15162658691406
250.15783309936523
152.66728401184082
160.63594818115234
152.12774276733398
151.36075019836426
142.98081398010254
148.4217643737793
141.1457061767578
147.43351936340332
148.8363742828369
146.43454551696777
153.78403663635254
152.22549438476562
144.64807510375977
166.15700721740723
157.56869316101074
149.0492820739746
149.2011547088623
149.216890335083
146.38113975524902
153.8708209991455
214.7512435913086
171.56505584716797
143.8007354736328
147.82977104187012
154.10137176513672
156.2027931213379
146.35920524597168
146.69442176818848
148.74529838562012
147.75490760803223
164.4744873046875
155.64775466918945
158.2045555114746
158.97154808044434
151.5493392944336
150.6481170654297
151.46303176879883
146.00133895874023
151.73888206481934
150.19726753234863
153.30171585083008
225.602388381958
155.0741195678711
164.64710235595703
162.28222846984863
150.7401466369629
148.7143039703369
145.94388008117676
154.39224243164062
157.10806846618652
163.43402862548828
160.86220741271973
159.1041088104248
191.35212898254395
155.84301948547363
158.68902206420898
153.58805656433105
155.33757209777832
156.59761428833008
154.84213829040527
154.90269660949707
244.5695400238037
160.05396842956543
153.9137363433838
151.30972862243652
164.97087478637695
159.97886657714844
161.07869148254395
163.03133964538574
156.3398838043213
161.41486167907715
153.32651138305664
155.79605102539062
161.85855865478516
154.20913696289062
153.89418601989746
155.6375026702881
154.3278694152832
153.95784378051758
153.08117866516113
154.02555465698242
170.66478729248047
162.9776954650879
201.03955268859863
162.75525093078613
157.63235092163086
158.91623497009277
157.94873237609863
164.17741775512695
152.18710899353027
147.64118194580078
167.50168800354004
154.96349334716797
173.7668514251709
162.81580924987793
147.94492721557617
149.80649948120117
152.50325202941895
190.90032577514648
174.83091354370117
184.9365234375
186.63573265075684
177.22129821777344
183.03394317626953
446.7613697052002
300.50086975097656
324.6321678161621
292.71817207336426
279.6151638031006
325.3171443939209
269.84477043151855
250.1544952392578
328.66930961608887
297.3806858062744
219.3470001220703
221.92955017089844
182.22284317016602
187.45970726013184
175.51279067993164
188.25936317443848
183.88795852661133
252.70819664001465
209.6109390258789
190.55628776550293
410.20870208740234
215.0440216064453
195.22857666015625
200.8366584777832
186.72752380371094
153.31029891967773
154.24561500549316
161.72242164611816
146.0862159729004
157.63568878173828
149.46746826171875
141.8783664703369
151.2777805328369
141.04342460632324
152.6482105255127
143.78094673156738
151.34835243225098
148.26512336730957
146.55828475952148
153.13720703125
148.00667762756348
232.94425010681152
156.56518936157227
148.30660820007324
151.7491340637207
186.0039234161377
200.49047470092773
181.98800086975098
194.60797309875488
160.89200973510742
156.88300132751465
168.23768615722656
250.6101131439209
229.1398048400879
193.24374198913574
190.89794158935547
227.77891159057617
158.83684158325195
165.38429260253906
162.28795051574707
158.70952606201172
151.64732933044434
265.8960819244385
169.07215118408203
176.53656005859375
289.0026569366455
187.21675872802734
165.89689254760742
158.90741348266602
158.4186553955078
210.81876754760742
200.21724700927734
187.31379508972168
274.1577625274658
320.94550132751465
208.02569389343262
193.85194778442383
170.5613136291504
174.71718788146973
154.22940254211426
146.4400291442871
307.53445625305176
155.85660934448242
156.5103530883789
159.53588485717773
158.45584869384766
157.97138214111328
162.89687156677246
156.14056587219238
156.18228912353516
154.36410903930664
161.81683540344238
157.06801414489746
156.76593780517578
160.84671020507812
163.2246971130371
186.09857559204102
239.73965644836426
197.35026359558105
167.28973388671875
182.42311477661133
144.8967456817627
253.54337692260742
146.92258834838867
159.29245948791504
153.12647819519043
151.86333656311035
146.09813690185547
146.0707187652588
146.89040184020996
157.27567672729492
161.65661811828613
149.39379692077637
164.81614112854004
157.74297714233398
155.83133697509766
156.33845329284668
164.52813148498535
155.66730499267578
159.35206413269043
155.3661823272705
155.63607215881348
305.73463439941406
153.32794189453125
149.46675300598145
172.8963851928711
158.9212417602539
164.3829345703125
162.10079193115234
145.9026336669922
149.5964527130127
169.5396900177002
172.99437522888184
167.0529842376709
159.9423885345459
153.98597717285156
156.358003616333
155.9467315673828
164.31927680969238
158.19430351257324
155.22098541259766
152.47726440429688
153.46288681030273
236.1278533935547
167.73343086242676
162.86420822143555
146.439790725708
164.47138786315918
173.0968952178955
178.76696586608887
158.9498519897461
178.50017547607422
155.1523208618164
149.22451972961426
150.26211738586426
161.70048713684082
146.7592716217041
140.83337783813477
144.10781860351562
147.89128303527832
155.18474578857422
145.8437442779541
158.11896324157715
157.1812629699707
218.31202507019043
173.03967475891113
150.48909187316895
166.43190383911133
149.2161750793457
150.543212890625
159.6066951751709
141.7994499206543
161.32640838623047
175.68445205688477
154.88910675048828
175.59194564819336
151.60322189331055
162.64915466308594
169.75116729736328
151.6704559326172
152.0686149597168
156.5380096435547
152.6925563812256
156.33153915405273
167.78111457824707
262.8047466278076
169.04759407043457
161.513090133667
150.63905715942383
157.1481227874756
153.2745361328125
150.7701873779297
166.1243438720703
155.5459499359131
149.83701705932617
167.3257350921631
148.6952304840088
144.7436809539795
144.58060264587402
153.1689167022705
154.33716773986816
152.01830863952637
159.79552268981934
147.58992195129395
149.3661403656006
264.46032524108887
167.85049438476562
147.05967903137207
163.70797157287598
156.95953369140625
158.93912315368652
156.71396255493164
164.5486354827881
159.37185287475586
154.05607223510742
161.5452766418457
152.34947204589844
170.5784797668457
163.97452354431152
160.78662872314453
161.24892234802246
156.7089557647705
151.9184112548828
199.5079517364502
158.83851051330566
152.17041969299316
222.39065170288086
176.6350269317627
155.72023391723633
147.35865592956543
155.1036834716797
157.1357250213623
158.2469940185547
174.53408241271973
147.5374698638916
138.5488510131836
148.74029159545898
148.80037307739258
144.93036270141602
151.2446403503418
159.2879295349121
152.57978439331055
154.2348861694336
147.05562591552734
160.74252128601074
163.96427154541016
172.99628257751465
213.69075775146484
184.99040603637695
160.38751602172852
155.3781032562256
150.85291862487793
159.97672080993652
153.17559242248535
156.3124656677246
154.036283493042
156.76379203796387
153.80358695983887
147.71103858947754
149.4297981262207
151.93581581115723
163.08116912841797
154.1907787322998
158.58912467956543
151.79753303527832
145.37620544433594
151.02100372314453
223.39224815368652
153.24044227600098
146.94952964782715
152.96339988708496
149.5654582977295
149.46269989013672
156.28647804260254
156.64148330688477
150.47383308410645
149.11127090454102
151.37672424316406
146.76451683044434
145.62082290649414
146.44169807434082
143.97788047790527
163.6812686920166
154.0381908416748
149.73735809326172
155.29656410217285
155.26866912841797
135.87141036987305
229.8886775970459
166.68224334716797
162.6453399658203
159.00063514709473
158.00809860229492
148.7133502960205
146.54111862182617
143.9356803894043
146.05140686035156
143.60880851745605
148.12159538269043
148.03552627563477
153.24926376342773
152.42886543273926
159.73567962646484
164.28017616271973
155.8375358581543
160.57658195495605
153.1240940093994
152.39214897155762
161.5285873413086
168.62034797668457
193.5138702392578
165.27342796325684
159.33752059936523
156.97193145751953
175.92263221740723
215.11220932006836
345.51358222961426
260.1125240325928
234.34114456176758
167.07730293273926
194.95248794555664
200.1349925994873
195.56117057800293
193.2065486907959
211.0590934753418
196.6266632080078
224.74360466003418
197.06034660339355
205.24835586547852
183.7754249572754
183.73441696166992
287.34278678894043
184.35359001159668
198.41480255126953
206.39586448669434
227.14757919311523
187.3314380645752
193.82739067077637
167.6173210144043
199.9185085296631
171.70047760009766
163.86723518371582
163.7580394744873
160.68410873413086
144.7467803955078
172.89328575134277
164.09993171691895
148.20122718811035
160.55655479431152
160.97283363342285
164.55841064453125
258.9256763458252
161.8819236755371
153.23209762573242
148.03528785705566
156.3742160797119
148.0712890625
144.41943168640137
149.39045906066895
152.4033546447754
156.74996376037598
154.06060218811035
155.18760681152344
163.10811042785645
146.1653709411621
150.46143531799316
144.76966857910156
151.3965129852295
159.61766242980957
152.01473236083984
149.67870712280273
147.7799415588379
202.317476272583
179.5330047607422
159.8794460296631
152.79650688171387
152.93645858764648
150.61330795288086
160.87079048156738
165.88449478149414
148.24366569519043
144.39868927001953
158.9813232421875
159.48820114135742
156.94928169250488
157.1352481842041
155.7173728942871
155.92551231384277
143.06092262268066
143.40806007385254
143.8601016998291
155.63654899597168
147.33648300170898
147.96018600463867
248.71540069580078
159.23643112182617
169.219970703125
159.3606472015381
149.54328536987305
142.34542846679688
144.73366737365723
144.1786289215088
146.02398872375488
158.7660312652588
144.38414573669434
146.99959754943848
147.37939834594727
145.2043056488037
146.27766609191895
156.0077667236328
160.064697265625
156.16631507873535
155.28249740600586
154.57963943481445
156.2485694885254
239.8545742034912
162.0495319366455
149.9636173248291
158.83708000183105
176.3455867767334
171.92673683166504
158.09178352355957
156.416654586792
155.86233139038086
169.69990730285645
173.92492294311523
156.47006034851074
152.7383327484131
144.29259300231934
146.92258834838867
157.8834056854248
149.9931812286377
143.68867874145508
163.11049461364746
146.1184024810791
217.12350845336914
168.95198822021484
154.85286712646484
146.6360092163086
145.88451385498047
147.4010944366455
145.9648609161377
147.93920516967773
154.73699569702148
145.78962326049805
147.10283279418945
149.09815788269043
146.6662883758545
144.47355270385742
151.22222900390625
149.04165267944336
153.6703109741211
149.10006523132324
151.29804611206055
147.5083827972412
155.34663200378418
216.88032150268555
167.77634620666504
149.83487129211426
150.35295486450195
171.30351066589355
163.96331787109375
153.84840965270996
155.79605102539062
151.6563892364502
163.18178176879883
163.9392375946045
155.12752532958984
159.50322151184082
164.4446849822998
163.94424438476562
156.5570831298828
166.7954921722412
146.30818367004395
157.66382217407227
187.04605102539062
219.43354606628418
230.92985153198242
191.3008689880371
186.7082118988037
209.11884307861328
186.65146827697754
211.75479888916016
176.0389804840088
186.95545196533203
184.434175491333
182.77621269226074
178.44247817993164
181.3797950744629
187.33787536621094
187.44373321533203
187.45112419128418
184.9229335784912
186.44094467163086
186.80286407470703
157.35626220703125
147.97139167785645
239.47381973266602
164.72291946411133
145.76315879821777
163.71822357177734
160.49671173095703
153.63717079162598
146.63028717041016
162.03975677490234
144.91677284240723
174.4983196258545
158.11848640441895
151.11660957336426
149.9176025390625
147.92180061340332
144.4394588470459
153.34415435791016
152.7693271636963
146.57902717590332
159.94739532470703
144.76466178894043
241.46485328674316
145.95365524291992
156.0664176940918
153.96785736083984
153.2602310180664
153.07283401489258
153.53989601135254
154.7842025756836
156.6488742828369
152.32157707214355
152.17137336730957
153.8848876953125
152.88519859313965
154.74438667297363
153.20324897766113
153.5952091217041
153.3825397491455
154.4654369354248
158.75816345214844
156.22758865356445
248.71253967285156
158.9794158935547
158.28227996826172
156.04901313781738
171.38910293579102
155.61890602111816
153.69915962219238
163.96522521972656
186.6316795349121
181.7643642425537
182.0700168609619
202.77047157287598
184.33189392089844
187.17670440673828
196.64335250854492
191.4219856262207
183.1378936767578
182.83891677856445
179.63004112243652
186.47074699401855
181.9283962249756
235.9325885772705
195.98627090454102
194.3352222442627
179.0144443511963
182.71470069885254
181.49781227111816
182.90233612060547
186.9041919708252
178.50947380065918
177.53148078918457
191.95961952209473
186.4488124847412
177.24871635437012
236.48810386657715
175.19640922546387
181.71405792236328
190.2487277984619
188.3845329284668
178.13563346862793
192.23785400390625
236.86861991882324
186.9058609008789
181.05554580688477
178.7092685699463
160.4752540588379
155.30896186828613
174.24535751342773
149.74188804626465
149.0623950958252
145.1728343963623
151.0615348815918
148.5731601715088
151.07965469360352
150.6040096282959
152.2235870361328
153.88774871826172
154.85906600952148
148.04697036743164
152.24933624267578
148.17142486572266
237.4417781829834
151.0639190673828
153.39112281799316
145.95937728881836
151.1690616607666
152.1434783935547
144.7458267211914
151.16071701049805
150.9861946105957
143.4004306793213
152.45795249938965
150.61306953430176
153.60522270202637
150.02822875976562
147.4611759185791
161.49544715881348
153.78856658935547
155.75075149536133
152.93288230895996
148.7421989440918
146.32821083068848
218.17469596862793
185.00375747680664
155.0428867340088
146.90685272216797
154.14166450500488
149.17826652526855
154.07204627990723
149.38831329345703
152.2355079650879
139.69826698303223
146.29364013671875
149.84607696533203
146.26288414001465
163.22851181030273
156.31365776062012
153.01895141601562
149.52993392944336
144.0889835357666
152.7571678161621
252.47573852539062
392.4069404602051
294.18039321899414
212.3856544494629
188.69709968566895
202.06546783447266
179.1834831237793
202.894926071167
205.04498481750488
203.99141311645508
196.59733772277832
207.33118057250977
206.37083053588867
208.68396759033203
182.85489082336426
190.43803215026855
188.71545791625977
186.09237670898438
188.9510154724121
181.37860298156738
191.95270538330078
193.4506893157959
317.39306449890137
200.79278945922852
189.62740898132324
156.9361686706543
158.9200496673584
143.69916915893555
182.26313591003418
221.16589546203613
155.17234802246094
172.06692695617676
157.393217086792
157.80091285705566
156.48460388183594
154.68740463256836
153.02491188049316
146.9407081604004
146.57926559448242
173.30098152160645
177.57201194763184
179.0769100189209
190.12832641601562
276.26585960388184
186.90919876098633
155.53689002990723
159.4846248626709
155.0438404083252
160.4299545288086
152.97245979309082
153.72157096862793
170.99666595458984
160.22562980651855
156.55279159545898
160.06779670715332
168.39885711669922
162.5657081604004
160.8569622039795
154.11710739135742
154.066801071167
152.01616287231445
149.12843704223633
160.1712703704834
216.32862091064453
158.84757041931152
158.82015228271484
153.82862091064453
153.8410186767578
153.83648872375488
154.404878616333
144.41943168640137
115.53025245666504
141.7713165283203
145.25651931762695
123.1691837310791
128.4801959991455
140.82789421081543
120.880126953125
151.50213241577148
187.05201148986816
155.21645545959473
148.81587028503418
138.01217079162598
152.2653102874756
217.3163890838623
163.27548027038574
149.52492713928223
150.5124568939209
119.77720260620117
121.2007999420166
131.16812705993652
147.03726768493652
138.1394863128662
146.27814292907715
120.61095237731934
122.61033058166504
122.34210968017578
121.65212631225586
123.17085266113281
119.35567855834961
149.64628219604492
149.62363243103027
148.76747131347656
127.87127494812012
153.7494659423828
148.55623245239258
156.35299682617188
152.18210220336914
154.77347373962402
159.19852256774902
131.1650276184082
160.0058078765869
147.09186553955078
172.47962951660156
151.95536613464355
149.1086483001709
145.7653045654297
150.23231506347656
154.34837341308594
126.35612487792969
152.49991416931152
123.0001449584961
120.61500549316406
123.15821647644043
141.2642002105713
227.80394554138184
144.4559097290039
124.80950355529785
131.22963905334473
164.82305526733398
139.8169994354248
127.62165069580078
151.96776390075684
152.53067016601562
146.17681503295898
139.8773193359375
144.9122428894043
146.4531421661377
121.1388111114502
122.79725074768066
147.6454734802246
143.2209014892578
161.6506576538086
133.59594345092773
148.38337898254395
232.05828666687012
150.27594566345215
155.81798553466797
149.56974983215332
151.4565944671631
148.88405799865723
146.62551879882812
154.00958061218262
161.32307052612305
134.5367431640625
135.37359237670898
169.57449913024902
140.47789573669434
153.2156467437744
161.16833686828613
149.2314338684082
149.7364044189453
148.27799797058105
140.86604118347168
135.8342170715332
221.5135097503662
158.8127613067627
146.8822956085205
144.0715789794922
166.9297218322754
162.75715827941895
164.79158401489258
151.22103691101074
153.1980037689209
158.95986557006836
151.261568069458
149.19495582580566
151.38959884643555
153.8829803466797
140.70701599121094
156.86964988708496
154.06250953674316
157.4869155883789
146.77071571350098
146.85726165771484
145.88356018066406
199.49603080749512
177.82139778137207
148.70500564575195
165.07983207702637
159.83200073242188
159.36994552612305
153.20754051208496
154.83689308166504
159.52086448669434
150.53701400756836
173.01702499389648
160.8140468597412
157.41872787475586
158.88118743896484
165.7583713531494
158.21528434753418
158.49566459655762
155.73716163635254
162.9195213317871
159.3329906463623
153.60569953918457
171.57435417175293
198.0874538421631
156.53371810913086
162.37998008728027
158.4634780883789
154.89935874938965
156.77261352539062
155.71260452270508
154.41155433654785
162.13464736938477
156.5854549407959
151.89218521118164
150.29406547546387
144.82951164245605
153.1682014465332
150.84075927734375
150.1171588897705
153.12457084655762
143.2476043701172
149.11293983459473
147.6876735687256
173.5396385192871
224.6992588043213
152.30131149291992
152.60076522827148
151.9944667816162
159.38353538513184
149.35302734375
151.86548233032227
153.64599227905273
153.2266139984131
152.1599292755127
151.64804458618164
151.22580528259277
147.37868309020996
150.3009796142578
150.14982223510742
128.28373908996582
123.71110916137695
113.66939544677734
117.7053451538086
116.59979820251465
121.66690826416016
155.7474136352539
133.1787109375
123.54159355163574
118.98565292358398
118.44849586486816
116.51730537414551
124.3734359741211
116.82605743408203
133.27383995056152
117.4771785736084
119.19307708740234
117.26069450378418
141.3271427154541
118.29328536987305
118.98946762084961
120.59164047241211
150.2993106842041
141.2813663482666
119.04764175415039
121.37699127197266
117.88415908813477
176.61619186401367
119.60721015930176
116.91069602966309
118.86882781982422
117.85268783569336
115.26036262512207
117.78712272644043
119.72713470458984
119.06909942626953
116.10198020935059
114.39228057861328
117.09713935852051
117.18153953552246
116.2254810333252
115.58699607849121
178.70092391967773
178.1148910522461
169.4164276123047
114.39967155456543
115.43416976928711
120.34988403320312
194.4291591644287
151.88956260681152
149.48320388793945
130.64980506896973
114.87674713134766
128.80873680114746
133.70919227600098
113.71994018554688
120.33200263977051
117.46406555175781
119.01283264160156
115.49210548400879
119.63582038879395
120.06926536560059
105.55124282836914
108.52885246276855
110.1529598236084
151.08752250671387
147.41992950439453
147.6731300354004
164.41965103149414
111.04083061218262
107.54871368408203
102.9214859008789
147.54176139831543
172.3024845123291
109.73906517028809
133.93044471740723
105.20100593566895
104.80213165283203
111.94658279418945
180.206298828125
109.04860496520996
144.20485496520996
152.58550643920898
152.6622772216797
