203.71127128601074
197.22461700439453
230.65829277038574
185.76860427856445
175.18210411071777
168.9913272857666
168.43724250793457
156.60667419433594
163.18154335021973
158.32805633544922
168.81394386291504
158.68234634399414
163.90633583068848
160.46500205993652
244.89307403564453
428.450345993042
231.0957908630371
206.58040046691895
206.61568641662598
196.2728500366211
178.34091186523438
179.60476875305176
166.70656204223633
160.7801914215088
149.40690994262695
187.44874000549316
165.85969924926758
148.13661575317383
158.97130966186523
171.4949607849121
163.15102577209473
145.41172981262207
167.1581268310547
157.5448513031006
166.35394096374512
170.12810707092285
216.52674674987793
209.12408828735352
184.85426902770996
161.81135177612305
155.88903427124023
176.4206886291504
170.13072967529297
156.75950050354004
155.77292442321777
160.38894653320312
152.6951789855957
174.9122142791748
170.18842697143555
181.3671588897705
171.31447792053223
163.09690475463867
159.60144996643066
156.88467025756836
159.85465049743652
222.2588062286377
192.86108016967773
184.57484245300293
167.65975952148438
166.17226600646973
165.4043197631836
154.51836585998535
176.11217498779297
161.9400978088379
159.5618724822998
184.11636352539062
177.18863487243652
162.0323657989502
155.20787239074707
157.63306617736816
167.86718368530273
158.1418514251709
174.20244216918945
158.3712100982666
151.40223503112793
166.24760627746582
270.7991600036621
175.9645938873291
157.90128707885742
166.79739952087402
162.1248722076416
159.61647033691406
171.86331748962402
205.99770545959473
206.57730102539062
211.78627014160156
189.09406661987305
202.83961296081543
215.10052680969238
219.35272216796875
270.4281806945801
208.05644989013672
246.49906158447266
203.47261428833008
211.21478080749512
243.84689331054688
227.45609283447266
410.9640121459961
243.1342601776123
217.08369255065918
218.86515617370605
272.5358009338379
268.4602737426758
212.51273155212402
254.69517707824707
261.04044914245605
274.6539115905762
284.24763679504395
552.3993968963623
475.3680229187012
308.35795402526855
252.92301177978516
254.04667854309082
292.6449775695801
263.6580467224121
218.08195114135742
227.74505615234375
219.18225288391113
387.50219345092773
213.8051986694336
238.38233947753906
284.37089920043945
233.5371971130371
216.2797451019287
270.54691314697266
293.5152053833008
241.38498306274414
208.07886123657227
257.0221424102783
209.9893093109131
213.72127532958984
210.57701110839844
249.34840202331543
228.72686386108398
225.61049461364746
237.97106742858887
277.8284549713135
396.22950553894043
243.59130859375
197.27230072021484
253.07393074035645
222.10931777954102
201.18021965026855
213.45901489257812
222.31173515319824
205.9190273284912
214.5099639892578
198.81129264831543
263.2162570953369
262.4502182006836
229.0651798248291
248.8858699798584
267.49730110168457
221.0671901702881
228.90543937683105
226.53651237487793
214.59317207336426
209.7337245941162
439.655065536499
275.5703926086426
217.88358688354492
250.40125846862793
282.99832344055176
221.02117538452148
230.91936111450195
213.8223648071289
214.48016166687012
216.780424118042
225.40283203125
223.72102737426758
246.54150009155273
215.15941619873047
211.59052848815918
204.59556579589844
230.89122772216797
256.0863494873047
215.52395820617676
210.26062965393066
214.27512168884277
434.2315196990967
218.81842613220215
252.26163864135742
250.32329559326172
196.0294246673584
226.84216499328613
221.69756889343262
211.40789985656738
262.3589038848877
211.3497257232666
226.01914405822754
238.62743377685547
247.35379219055176
223.12021255493164
208.4522247314453
201.62367820739746
234.5266342163086
231.02855682373047
226.32455825805664
229.5706272125244
219.8193073272705
412.1692180633545
261.71398162841797
269.34289932250977
209.11431312561035
239.33887481689453
234.71570014953613
173.90871047973633
236.33837699890137
213.64283561706543
224.6878147125244
203.02557945251465
186.51843070983887
198.2290744781494
195.1162815093994
203.1712532043457
160.29810905456543
179.4116497039795
169.2488193511963
180.7239055633545
221.21024131774902
245.62931060791016
202.13007926940918
217.32234954833984
336.6403579711914
218.22166442871094
222.14913368225098
296.3521480560303
340.47651290893555
378.6647319793701
326.946496963501
337.04376220703125
340.74902534484863
260.2429389953613
232.513427734375
217.55552291870117
281.7056179046631
367.8858280181885
251.49822235107422
227.97703742980957
323.61865043640137
298.5503673553467
240.95916748046875
289.517879486084
296.7967987060547
247.08962440490723
222.38826751708984
284.12485122680664
254.25195693969727
188.66467475891113
206.62641525268555
238.7981414794922
214.707612991333
231.86612129211426
224.00259971618652
212.24164962768555
235.7809543609619
180.69219589233398
174.5922565460205
173.51770401000977
180.32097816467285
313.3430480957031
164.0336513519287
166.68033599853516
152.1909236907959
156.24594688415527
186.46645545959473
192.70062446594238
179.53848838806152
174.8487949371338
171.12469673156738
196.45190238952637
157.8660011291504
173.42877388000488
159.24358367919922
169.69943046569824
199.54490661621094
170.1650619506836
192.9302215576172
192.05784797668457
163.63191604614258
183.07781219482422
289.25347328186035
182.8908920288086
182.50799179077148
170.14575004577637
198.74334335327148
178.13968658447266
155.12537956237793
164.628267288208
167.93537139892578
173.09808731079102
167.98019409179688
172.76501655578613
171.93198204040527
167.0515537261963
169.10958290100098
199.83148574829102
172.26576805114746
164.33024406433105
166.04948043823242
